0 0 133 40
1 0 199 89
2 0 67 200
3 0 133 18
4 0 49 0
5 0 66 8
6 0 137 100
7 0 200 139
8 0 133 164
9 0 200 153
10 0 200 167
11 0 200 57
12 0 133 94
13 0 66 109
14 0 70 120
15 0 34 128
16 0 167 124
17 0 150 0
18 0 133 80
19 0 90 21
20 0 54 0
21 0 84 45
22 0 23 14
23 0 120 88
24 0 73 145
0 1 134 40
1 1 200 90
2 1 67 201
3 1 133 18
4 1 49 1
5 1 67 8
6 1 138 100
7 1 201 139
8 1 134 165
9 1 201 154
10 1 200 168
11 1 200 57
12 1 133 94
13 1 66 110
14 1 70 121
15 1 34 129
16 1 167 125
17 1 151 0
18 1 133 80
19 1 91 21
20 1 55 0
21 1 84 46
22 1 24 14
23 1 121 89
24 1 73 146
0 2 134 40
1 2 201 91
2 2 68 202
3 2 133 19
4 2 50 1
5 2 68 8
6 2 138 101
7 2 202 139
8 2 134 166
9 2 202 155
10 2 201 168
11 2 201 58
12 2 134 95
13 2 66 111
14 2 70 121
15 2 35 129
16 2 167 126
17 2 152 1
18 2 134 80
19 2 91 22
20 2 55 0
21 2 84 47
22 2 25 14
23 2 121 90
24 2 74 147
0 3 134 41
1 3 202 91
2 3 68 203
3 3 133 20
4 3 51 1
5 3 69 8
6 3 138 101
7 3 202 139
8 3 135 167
9 3 202 156
10 3 202 169
11 3 202 58
12 3 135 96
13 3 67 111
14 3 71 122
15 3 36 130
16 3 167 126
17 3 153 2
18 3 135 81
19 3 92 22
20 3 56 0
21 3 84 48
22 3 26 15
23 3 122 90
24 3 75 148
0 4 134 42
1 4 202 92
2 4 68 204
3 4 133 20
4 4 51 1
5 4 70 8
6 4 139 101
7 4 203 139
8 4 135 168
9 4 203 156
10 4 203 170
11 4 203 58
12 4 136 96
13 4 68 111
14 4 72 123
15 4 36 131
16 4 167 127
17 4 153 3
18 4 135 81
19 4 93 22
20 4 56 0
21 4 84 48
22 4 26 16
23 4 123 91
24 4 76 149
0 5 134 42
1 5 202 92
2 5 69 204
3 5 134 20
4 5 52 1
5 5 70 8
6 5 139 101
7 5 203 139
8 5 135 168
9 5 203 156
10 5 204 171
11 5 203 59
12 5 137 96
13 5 68 111
14 5 72 124
15 5 37 131
16 5 167 128
17 5 153 4
18 5 136 81
19 5 94 23
20 5 56 0
21 5 85 49
22 5 26 17
23 5 123 91
24 5 76 149
0 6 134 43
1 6 202 93
2 6 70 205
3 6 134 20
4 6 52 2
5 6 71 9
6 6 139 101
7 6 203 140
8 6 135 168
9 6 203 157
10 6 205 172
11 6 203 60
12 6 137 97
13 6 69 112
14 6 73 125
15 6 38 131
16 6 168 129
17 6 154 4
18 6 137 81
19 6 95 24
20 6 57 0
21 6 85 49
22 6 26 18
23 6 124 91
24 6 76 150
0 7 135 43
1 7 202 93
2 7 70 205
3 7 134 21
4 7 53 2
5 7 72 10
6 7 140 101
7 7 204 140
8 7 135 169
9 7 204 158
10 7 205 173
11 7 203 60
12 7 138 98
13 7 70 112
14 7 74 126
15 7 39 131
16 7 168 130
17 7 155 4
18 7 138 81
19 7 95 24
20 7 57 0
21 7 86 50
22 7 26 19
23 7 125 92
24 7 77 151
0 8 136 43
1 8 203 94
2 8 71 205
3 8 134 21
4 8 54 3
5 8 72 11
6 8 140 102
7 8 204 140
8 8 135 169
9 8 204 158
10 8 205 173
11 8 203 61
12 8 138 98
13 8 71 112
14 8 75 127
15 8 39 132
16 8 169 130
17 8 156 4
18 8 139 82
19 8 95 25
20 8 58 0
21 8 87 51
22 8 26 20
23 8 125 92
24 8 78 152
0 9 136 43
1 9 204 95
2 9 72 206
3 9 135 21
4 9 54 4
5 9 73 11
6 9 141 103
7 9 205 140
8 9 136 170
9 9 205 159
10 9 206 174
11 9 204 62
12 9 138 99
13 9 71 112
14 9 75 127
15 9 39 133
16 9 169 131
17 9 157 4
18 9 140 82
19 9 95 26
20 9 58 0
21 9 87 51
22 9 26 21
23 9 125 93
24 9 78 153
0 10 137 44
1 10 204 95
2 10 72 206
3 10 136 22
4 10 54 5
5 10 74 11
6 10 142 104
7 10 205 140
8 10 136 170
9 10 205 160
10 10 206 175
11 10 204 62
12 10 138 100
13 10 71 112
14 10 75 128
15 10 40 134
16 10 169 131
17 10 157 4
18 10 140 82
19 10 96 27
20 10 59 0
21 10 87 52
22 10 27 22
23 10 125 93
24 10 79 154
0 11 137 45
1 11 204 95
2 11 73 207
3 11 137 23
4 11 55 5
5 11 75 12
6 11 142 105
7 11 206 141
8 11 137 171
9 11 206 161
10 11 206 175
11 11 204 63
12 11 139 101
13 11 71 112
14 11 76 128
15 11 40 134
16 11 170 132
17 11 158 5
18 11 141 82
19 11 96 27
20 11 60 0
21 11 88 52
22 11 28 22
23 11 125 93
24 11 79 154
0 12 137 45
1 12 204 95
2 12 74 207
3 12 138 24
4 12 56 6
5 12 75 12
6 12 143 106
7 12 206 142
8 12 137 171
9 12 206 162
10 12 207 175
11 12 204 64
12 12 139 102
13 12 71 113
14 12 77 129
15 12 41 134
16 12 170 133
17 12 159 5
18 12 142 82
19 12 97 27
20 12 61 0
21 12 88 52
22 12 28 23
23 12 126 94
24 12 80 154
0 13 138 45
1 13 204 95
2 13 75 208
3 13 138 25
4 13 56 6
5 13 75 12
6 13 143 107
7 13 207 143
8 13 138 172
9 13 206 163
10 13 208 176
11 13 204 64
12 13 139 102
13 13 72 113
14 13 77 130
15 13 41 134
16 13 170 133
17 13 160 6
18 13 142 82
19 13 98 27
20 13 61 0
21 13 88 53
22 13 29 24
23 13 126 94
24 13 80 155
0 14 139 46
1 14 204 96
2 14 75 209
3 14 139 25
4 14 57 6
5 14 76 13
6 14 144 108
7 14 208 143
8 14 139 172
9 14 207 164
10 14 209 176
11 14 205 65
12 14 140 102
13 14 73 114
14 14 78 130
15 14 41 135
16 14 171 134
17 14 161 6
18 14 143 82
19 14 99 28
20 14 62 0
21 14 88 53
22 14 30 25
23 14 127 94
24 14 81 156
0 15 139 47
1 15 205 96
2 15 76 210
3 15 139 26
4 15 58 7
5 15 76 13
6 15 144 108
7 15 209 143
8 15 139 172
9 15 208 164
10 15 209 177
11 15 206 66
12 15 141 102
13 15 74 115
14 15 78 130
15 15 42 135
16 15 172 134
17 15 161 6
18 15 143 82
19 15 99 29
20 15 63 1
21 15 89 54
22 15 30 26
23 15 128 95
24 15 82 156
0 16 140 47
1 16 206 97
2 16 76 210
3 16 140 26
4 16 58 7
5 16 76 14
6 16 145 108
7 16 209 144
8 16 139 173
9 16 209 165
10 16 210 178
11 16 207 67
12 16 141 102
13 16 75 115
14 16 79 131
15 16 42 136
16 16 173 134
17 16 162 7
18 16 144 83
19 16 99 29
20 16 64 2
21 16 90 54
22 16 31 26
23 16 128 95
24 16 83 157
0 17 141 48
1 17 207 97
2 17 77 211
3 17 140 27
4 17 58 8
5 17 77 14
6 17 145 108
7 17 210 145
8 17 140 173
9 17 210 166
10 17 210 179
11 17 207 68
12 17 141 102
13 17 76 115
14 17 80 132
15 17 43 137
16 17 173 134
17 17 163 8
18 17 145 83
19 17 99 30
20 17 64 2
21 17 90 54
22 17 31 26
23 17 129 95
24 17 84 157
0 18 141 49
1 18 208 98
2 18 78 212
3 18 140 27
4 18 58 9
5 18 77 15
6 18 145 108
7 18 211 146
8 18 141 174
9 18 211 166
10 18 210 179
11 18 208 68
12 18 141 102
13 18 77 116
14 18 81 133
15 18 44 137
16 18 174 134
17 18 163 9
18 18 146 83
19 18 99 31
20 18 65 2
21 18 91 55
22 18 31 26
23 18 129 96
24 18 85 158
0 19 141 49
1 19 208 98
2 19 78 213
3 19 141 27
4 19 58 10
5 19 78 16
6 19 145 109
7 19 211 147
8 19 142 175
9 19 212 166
10 19 211 179
11 19 209 68
12 19 142 103
13 19 77 117
14 19 82 134
15 19 44 138
16 19 175 134
17 19 164 9
18 19 146 84
19 19 100 31
20 19 66 2
21 19 91 55
22 19 31 26
23 19 130 96
24 19 85 158
0 20 141 50
1 20 208 98
2 20 79 214
3 20 142 28
4 20 58 10
5 20 79 17
6 20 146 109
7 20 211 147
8 20 142 175
9 20 213 166
10 20 212 180
11 20 209 68
12 20 143 104
13 20 78 117
14 20 83 135
15 20 44 138
16 20 175 135
17 20 164 10
18 20 147 84
19 20 100 31
20 20 67 3
21 20 91 55
22 20 32 26
23 20 131 96
24 20 86 159
0 21 142 51
1 21 208 98
2 21 80 215
3 21 142 28
4 21 58 10
5 21 79 18
6 21 146 110
7 21 212 147
8 21 143 175
9 21 213 167
10 21 213 180
11 21 209 68
12 21 143 105
13 21 79 117
14 21 83 136
15 21 45 138
16 21 176 136
17 21 165 10
18 21 147 84
19 21 101 32
20 21 68 4
21 21 91 55
22 21 33 26
23 21 132 96
24 21 87 160
0 22 142 52
1 22 208 99
2 22 80 215
3 22 143 29
4 22 58 11
5 22 80 19
6 22 146 111
7 22 212 148
8 22 144 176
9 22 214 167
10 22 213 180
11 22 210 68
12 22 144 106
13 22 79 117
14 22 83 137
15 22 45 138
16 22 176 137
17 22 166 11
18 22 147 84
19 22 102 33
20 22 68 4
21 22 92 56
22 22 34 26
23 22 132 97
24 22 88 161
0 23 142 53
1 23 208 100
2 23 81 216
3 23 144 29
4 23 59 11
5 23 80 20
6 23 146 112
7 23 212 149
8 23 145 177
9 23 215 168
10 23 214 181
11 23 211 69
12 23 144 106
13 23 80 118
14 23 84 138
15 23 45 139
16 23 177 138
17 23 167 11
18 23 147 84
19 23 102 34
20 23 69 5
21 23 92 57
22 23 35 26
23 23 133 97
24 23 89 162
0 24 142 53
1 24 208 101
2 24 82 217
3 24 145 29
4 24 59 12
5 24 81 21
6 24 147 113
7 24 212 149
8 24 145 177
9 24 215 168
10 24 214 181
11 24 211 69
12 24 145 107
13 24 81 119
14 24 85 139
15 24 46 139
16 24 177 138
17 24 167 11
18 24 147 85
19 24 102 35
20 24 70 6
21 24 92 57
22 24 36 27
23 24 133 98
24 24 89 163
0 25 143 53
1 25 209 101
2 25 83 218
3 25 145 30
4 25 59 12
5 25 82 21
6 25 148 114
7 25 213 150
8 25 146 177
9 25 215 169
10 25 215 182
11 25 211 70
12 25 146 107
13 25 82 120
14 25 86 140
15 25 47 140
16 25 177 139
17 25 167 12
18 25 147 86
19 25 102 35
20 25 70 7
21 25 93 57
22 25 36 27
23 25 134 99
24 25 89 164
0 26 144 53
1 26 210 101
2 26 83 219
3 26 146 31
4 26 60 13
5 26 82 21
6 26 149 114
7 26 213 151
8 26 146 177
9 26 216 169
10 26 216 183
11 26 212 71
12 26 146 107
13 26 83 120
14 26 86 140
15 26 47 140
16 26 177 139
17 26 168 12
18 26 147 86
19 26 102 36
20 26 71 8
21 26 93 58
22 26 36 27
23 26 134 99
24 26 89 165
0 27 145 54
1 27 211 102
2 27 84 220
3 27 146 31
4 27 60 13
5 27 83 22
6 27 150 114
7 27 214 152
8 27 147 177
9 27 217 170
10 27 216 183
11 27 213 71
12 27 147 108
13 27 83 120
14 27 86 140
15 27 47 140
16 27 178 139
17 27 169 12
18 27 147 86
19 27 102 36
20 27 71 9
21 27 93 58
22 27 36 28
23 27 134 100
24 27 89 166
0 28 146 54
1 28 212 102
2 28 84 221
3 28 146 32
4 28 61 13
5 28 83 23
6 28 150 115
7 28 215 153
8 28 147 178
9 28 218 170
10 28 217 183
11 28 213 72
12 28 148 108
13 28 84 120
14 28 87 140
15 28 48 140
16 28 179 140
17 28 169 13
18 28 148 87
19 28 103 36
20 28 71 10
21 28 94 58
22 28 36 29
23 28 135 100
24 28 90 167
0 29 146 55
1 29 212 102
2 29 84 222
3 29 147 33
4 29 61 14
5 29 83 24
6 29 151 115
7 29 215 153
8 29 148 178
9 29 219 170
10 29 218 183
11 29 214 73
12 29 149 108
13 29 84 120
14 29 88 140
15 29 49 140
16 29 179 141
17 29 169 13
18 29 149 88
19 29 103 37
20 29 71 10
21 29 95 59
22 29 37 29
23 29 136 100
24 29 90 168
0 30 147 55
1 30 212 102
2 30 84 223
3 30 148 33
4 30 62 14
5 30 84 24
6 30 152 116
7 30 216 153
8 30 149 179
9 30 219 171
10 30 218 183
11 30 215 74
12 30 150 108
13 30 85 120
14 30 88 140
15 30 50 141
16 30 180 142
17 30 169 14
18 30 149 88
19 30 103 37
20 30 72 10
21 30 95 60
22 30 38 29
23 30 136 100
24 30 91 168
0 31 148 55
1 31 213 103
2 31 84 223
3 31 149 33
4 31 62 14
5 31 84 25
6 31 152 117
7 31 217 153
8 31 149 179
9 31 219 171
10 31 218 184
11 31 215 75
12 31 151 108
13 31 85 121
14 31 89 141
15 31 51 142
16 31 181 143
17 31 169 15
18 31 150 88
19 31 103 38
20 31 72 11
21 31 95 61
22 31 39 29
23 31 137 100
24 31 91 169
0 32 149 56
1 32 213 104
2 32 85 223
3 32 149 34
4 32 62 15
5 32 84 26
6 32 153 117
7 32 217 154
8 32 149 179
9 32 220 172
10 32 219 185
11 32 215 76
12 32 152 108
13 32 86 122
14 32 90 141
15 32 51 143
16 32 181 143
17 32 169 15
18 32 150 89
19 32 103 39
20 32 72 11
21 32 95 62
22 32 39 29
23 32 137 100
24 32 92 170
0 33 149 56
1 33 213 104
2 33 86 223
3 33 150 35
4 33 62 15
5 33 85 26
6 33 153 117
7 33 218 154
8 33 149 179
9 33 221 173
10 33 220 185
11 33 215 76
12 33 152 108
13 33 86 122
14 33 90 142
15 33 51 143
16 33 182 144
17 33 169 15
18 33 151 89
19 33 103 39
20 33 73 11
21 33 95 63
22 33 40 29
23 33 137 100
24 33 92 171
0 34 149 56
1 34 213 104
2 34 87 223
3 34 151 35
4 34 63 15
5 34 85 27
6 34 153 117
7 34 219 154
8 34 149 179
9 34 222 173
10 34 220 186
11 34 215 76
12 34 153 109
13 34 87 123
14 34 91 142
15 34 52 143
16 34 183 144
17 34 170 16
18 34 152 90
19 34 104 40
20 34 73 12
21 34 96 64
22 34 41 30
23 34 137 101
24 34 92 171
0 35 149 56
1 35 213 105
2 35 87 224
3 35 152 36
4 35 64 16
5 35 85 27
6 35 154 117
7 35 220 155
8 35 150 179
9 35 222 173
10 35 220 187
11 35 215 77
12 35 154 110
13 35 88 124
14 35 91 142
15 35 52 144
16 35 183 145
17 35 171 16
18 35 153 91
19 35 105 41
20 35 73 12
21 35 97 64
22 35 42 30
23 35 138 101
24 35 93 171
0 36 150 57
1 36 214 106
2 36 87 224
3 36 153 37
4 36 64 17
5 36 86 28
6 36 155 118
7 36 221 156
8 36 150 179
9 36 222 174
10 36 221 187
11 36 215 78
12 36 155 111
13 36 88 124
14 36 92 142
15 36 53 144
16 36 183 146
17 36 171 16
18 36 153 92
19 36 105 42
20 36 74 12
21 36 97 65
22 36 42 30
23 36 138 102
24 36 93 171
0 37 151 57
1 37 215 107
2 37 88 224
3 37 153 37
4 37 65 17
5 37 86 28
6 37 156 119
7 37 221 157
8 37 150 180
9 37 222 174
10 37 222 187
11 37 215 78
12 37 156 112
13 37 88 125
14 37 92 142
15 37 53 144
16 37 183 146
17 37 171 17
18 37 153 93
19 37 106 42
20 37 74 13
21 37 97 65
22 37 42 30
23 37 138 103
24 37 93 171
0 38 151 58
1 38 215 108
2 38 88 224
3 38 153 37
4 38 65 18
5 38 86 29
6 38 157 120
7 38 222 158
8 38 150 180
9 38 222 175
10 38 222 188
11 38 216 79
12 38 156 113
13 38 89 125
14 38 92 142
15 38 54 145
16 38 184 147
17 38 171 17
18 38 154 93
19 38 107 43
20 38 75 14
21 38 97 66
22 38 43 31
23 38 138 104
24 38 94 171
0 39 151 59
1 39 216 108
2 39 89 225
3 39 154 38
4 39 65 19
5 39 87 29
6 39 157 121
7 39 222 158
8 39 150 181
9 39 223 176
10 39 222 189
11 39 216 79
12 39 157 114
13 39 90 126
14 39 93 143
15 39 54 145
16 39 185 147
17 39 171 17
18 39 154 94
19 39 107 43
20 39 75 14
21 39 98 66
22 39 43 31
23 39 139 105
24 39 94 172
0 40 151 60
1 40 217 108
2 40 89 226
3 40 155 38
4 40 66 19
5 40 87 29
6 40 157 122
7 40 222 159
8 40 151 181
9 40 224 177
10 40 222 189
11 40 217 80
12 40 157 115
13 40 90 126
14 40 93 143
15 40 55 146
16 40 185 147
17 40 172 18
18 40 155 95
19 40 107 43
20 40 75 15
21 40 99 66
22 40 44 32
23 40 140 105
24 40 94 172
0 41 151 61
1 41 217 109
2 41 90 227
3 41 155 39
4 41 66 20
5 41 88 30
6 41 158 122
7 41 223 160
8 41 152 181
9 41 225 178
10 41 223 189
11 41 218 80
12 41 158 116
13 41 90 127
14 41 94 144
15 41 56 146
16 41 185 147
17 41 172 18
18 41 155 95
19 41 108 44
20 41 75 16
21 41 99 67
22 41 44 32
23 41 141 105
24 41 94 173
0 42 151 62
1 42 217 110
2 42 90 227
3 42 155 39
4 42 67 20
5 42 89 30
6 42 158 123
7 42 224 160
8 42 153 182
9 42 226 178
10 42 223 189
11 42 218 80
12 42 158 117
13 42 91 128
14 42 94 144
15 42 56 147
16 42 186 148
17 42 172 19
18 42 156 96
19 42 109 44
20 42 75 16
21 42 100 68
22 42 45 32
23 42 141 106
24 42 94 173
0 43 152 63
1 43 218 111
2 43 90 228
3 43 155 40
4 43 67 20
5 43 90 30
6 43 159 124
7 43 225 161
8 43 153 182
9 43 227 178
10 43 223 189
11 43 218 80
12 43 158 117
13 43 91 129
14 43 95 144
15 43 56 147
16 43 187 149
17 43 173 20
18 43 157 96
19 43 110 44
20 43 76 17
21 43 101 69
22 43 45 32
23 43 141 107
24 43 95 173
0 44 152 64
1 44 218 111
2 44 91 229
3 44 156 41
4 44 67 21
5 44 90 30
6 44 159 125
7 44 225 162
8 44 153 183
9 44 227 178
10 44 224 190
11 44 218 80
12 44 158 118
13 44 92 129
14 44 95 144
15 44 57 148
16 44 188 150
17 44 174 20
18 44 158 96
19 44 110 45
20 44 76 18
21 44 102 69
22 44 46 32
23 44 141 107
24 44 95 174
0 45 153 65
1 45 218 112
2 45 91 230
3 45 157 42
4 45 68 21
5 45 90 30
6 45 160 126
7 45 226 163
8 45 154 184
9 45 227 179
10 45 225 190
11 45 219 81
12 45 158 119
13 45 93 129
14 45 95 145
15 45 58 148
16 45 188 151
17 45 174 20
18 45 158 97
19 45 111 45
20 45 77 18
21 45 103 70
22 45 47 33
23 45 142 107
24 45 96 175
0 46 154 66
1 46 219 112
2 46 92 231
3 46 157 43
4 46 68 22
5 46 91 31
6 46 160 126
7 46 226 163
8 46 154 184
9 46 227 180
10 46 225 191
11 46 219 82
12 46 159 119
13 46 93 130
14 46 95 145
15 46 59 149
16 46 189 151
17 46 174 21
18 46 158 97
19 46 112 45
20 46 78 18
21 46 103 71
22 46 48 34
23 46 142 107
24 46 96 175
0 47 155 66
1 47 220 113
2 47 93 231
3 47 158 44
4 47 69 23
5 47 91 32
6 47 160 126
7 47 226 163
8 47 155 184
9 47 228 181
10 47 226 191
11 47 220 82
12 47 160 119
13 47 94 131
14 47 96 145
15 47 59 149
16 47 189 151
17 47 174 22
18 47 159 97
19 47 113 46
20 47 79 18
21 47 103 71
22 47 48 35
23 47 143 108
24 47 96 176
0 48 155 67
1 48 221 114
2 48 93 231
3 48 159 45
4 48 70 24
5 48 92 32
6 48 161 126
7 48 226 164
8 48 156 184
9 48 228 182
10 48 226 192
11 48 220 83
12 48 160 119
13 48 95 132
14 48 96 145
15 48 59 150
16 48 190 152
17 48 175 23
18 48 159 98
19 48 114 47
20 48 80 19
21 48 103 71
22 48 48 35
23 48 143 108
24 48 97 176
0 49 156 67
1 49 222 115
2 49 93 231
3 49 159 46
4 49 71 24
5 49 92 32
6 49 161 127
7 49 227 164
8 49 156 184
9 49 228 182
10 49 227 192
11 49 221 83
12 49 160 119
13 49 96 132
14 49 97 145
15 49 60 150
16 49 190 152
17 49 176 23
18 49 159 98
19 49 114 47
20 49 80 19
21 49 104 71
22 49 48 35
23 49 144 109
24 49 97 176
0 50 156 67
1 50 223 115
2 50 94 231
3 50 159 46
4 50 71 24
5 50 92 33
6 50 162 128
7 50 227 164
8 50 156 184
9 50 229 182
10 50 227 193
11 50 221 84
12 50 160 119
13 50 96 133
14 50 98 145
15 50 61 150
16 50 191 153
17 50 176 24
18 50 159 99
19 50 114 48
20 50 81 20
21 50 105 72
22 50 48 36
23 50 144 110
24 50 97 176
0 51 156 67
1 51 224 115
2 51 94 231
3 51 159 47
4 51 71 25
5 51 93 34
6 51 163 128
7 51 228 164
8 51 157 184
9 51 230 183
10 51 228 194
11 51 222 84
12 51 160 120
13 51 96 133
14 51 98 146
15 51 62 150
16 51 192 154
17 51 177 25
18 51 159 99
19 51 114 48
20 51 82 20
21 51 105 73
22 51 48 37
23 51 145 110
24 51 98 177
0 52 157 68
1 52 225 115
2 52 94 232
3 52 159 48
4 52 72 25
5 52 93 34
6 52 164 128
7 52 228 164
8 52 158 184
9 52 231 184
10 52 229 195
11 52 222 85
12 52 161 120
13 52 96 133
14 52 99 147
15 52 62 151
16 52 193 155
17 52 177 25
18 52 160 99
19 52 115 49
20 52 83 20
21 52 105 74
22 52 48 37
23 52 145 110
24 52 99 178
0 53 158 69
1 53 226 115
2 53 94 232
3 53 160 49
4 53 72 25
5 53 93 34
6 53 164 129
7 53 229 165
8 53 158 184
9 53 231 185
10 53 229 196
11 53 223 85
12 53 162 120
13 53 96 134
14 53 99 147
15 53 62 151
16 53 194 155
17 53 177 25
18 53 161 100
19 53 116 50
20 53 84 21
21 53 106 75
22 53 48 37
23 53 145 111
24 53 100 178
0 54 159 69
1 54 226 116
2 54 94 232
3 54 161 49
4 54 72 26
5 54 94 34
6 54 165 129
7 54 230 166
8 54 159 185
9 54 231 186
10 54 230 196
11 54 224 85
12 54 162 120
13 54 96 134
14 54 99 147
15 54 63 152
16 54 195 156
17 54 177 26
18 54 161 101
19 54 116 51
20 54 85 21
21 54 106 75
22 54 48 37
23 54 145 112
24 54 100 179
0 55 160 70
1 55 227 116
2 55 95 232
3 55 162 50
4 55 73 27
5 55 95 34
6 55 166 130
7 55 230 166
8 55 160 185
9 55 231 186
10 55 231 196
11 55 225 86
12 55 162 120
13 55 97 134
14 55 100 148
15 55 63 152
16 55 195 157
17 55 178 27
18 55 161 101
19 55 116 51
20 55 85 22
21 55 107 75
22 55 48 38
23 55 146 113
24 55 101 180
0 56 160 71
1 56 228 116
2 56 95 232
3 56 162 50
4 56 73 27
5 56 96 35
6 56 166 130
7 56 231 166
8 56 161 185
9 56 231 187
10 56 232 197
11 56 226 86
12 56 163 120
13 56 97 135
14 56 101 148
15 56 63 152
16 56 196 157
17 56 179 27
18 56 161 102
19 56 116 51
20 56 85 23
21 56 107 75
22 56 48 38
23 56 147 114
24 56 102 180
0 57 161 72
1 57 228 117
2 57 96 232
3 57 162 50
4 57 74 28
5 57 97 35
6 57 166 130
7 57 231 166
8 57 162 185
9 57 231 187
10 57 233 198
11 57 227 86
12 57 164 120
13 57 97 135
14 57 101 148
15 57 63 153
16 57 197 158
17 57 180 27
18 57 162 103
19 57 117 51
20 57 85 24
21 57 107 75
22 57 48 39
23 57 148 114
24 57 102 180
0 58 161 72
1 58 229 118
2 58 96 233
3 58 162 50
4 58 75 28
5 58 97 36
6 58 166 131
7 58 231 167
8 58 162 185
9 58 232 188
10 58 233 198
11 58 228 86
12 58 165 121
13 58 97 136
14 58 101 148
15 58 64 153
16 58 198 159
17 58 180 28
18 58 162 104
19 58 118 52
20 58 86 24
21 58 108 75
22 58 49 39
23 58 148 114
24 58 102 180
0 59 161 73
1 59 229 119
2 59 96 234
3 59 163 50
4 59 75 29
5 59 98 36
6 59 166 132
7 59 232 168
8 59 162 186
9 59 233 188
10 59 233 199
11 59 228 87
12 59 166 122
13 59 97 137
14 59 102 148
15 59 65 154
16 59 198 160
17 59 181 28
18 59 162 104
19 59 118 52
20 59 86 24
21 59 108 76
22 59 50 39
23 59 149 114
24 59 102 180
0 60 161 73
1 60 229 120
2 60 96 235
3 60 163 50
4 60 76 30
5 60 98 37
6 60 167 132
7 60 233 168
8 60 162 186
9 60 234 188
10 60 234 200
11 60 229 87
12 60 167 122
13 60 98 138
14 60 103 149
15 60 65 154
16 60 199 161
17 60 182 28
18 60 163 105
19 60 118 52
20 60 86 24
21 60 108 76
22 60 51 40
23 60 149 114
24 60 102 180
0 61 162 74
1 61 229 121
2 61 96 236
3 61 164 51
4 61 77 31
5 61 99 37
6 61 168 132
7 61 233 168
8 61 162 186
9 61 235 188
10 61 235 200
11 61 230 87
12 61 168 123
13 61 99 138
14 61 104 150
15 61 65 155
16 61 200 161
17 61 183 29
18 61 163 105
19 61 119 52
20 61 87 24
21 61 108 77
22 61 51 41
23 61 150 114
24 61 102 180
0 62 162 74
1 62 230 122
2 62 97 237
3 62 164 51
4 62 77 31
5 62 100 37
6 62 168 133
7 62 234 169
8 62 163 187
9 62 235 189
10 62 235 200
11 62 230 88
12 62 169 123
13 62 100 139
14 62 105 150
15 62 66 155
16 62 200 162
17 62 183 29
18 62 164 106
19 62 119 53
20 62 88 24
21 62 109 78
22 62 51 42
23 62 150 114
24 62 103 181
0 63 163 75
1 63 230 123
2 63 97 238
3 63 164 51
4 63 77 32
5 63 101 37
6 63 168 134
7 63 235 170
8 63 164 187
9 63 235 189
10 63 236 200
11 63 231 88
12 63 169 123
13 63 101 140
14 63 106 151
15 63 67 156
16 63 200 162
17 63 184 30
18 63 165 106
19 63 119 53
20 63 88 24
21 63 110 78
22 63 52 43
23 63 150 115
24 63 103 181
0 64 164 76
1 64 231 124
2 64 98 238
3 64 165 51
4 64 78 32
5 64 102 37
6 64 169 134
7 64 236 170
8 64 164 188
9 64 236 189
10 64 237 201
11 64 232 88
12 64 169 124
13 64 102 141
14 64 106 151
15 64 68 156
16 64 200 163
17 64 185 31
18 64 166 106
19 64 119 53
20 64 89 24
21 64 111 78
22 64 53 44
23 64 150 116
24 64 103 182
0 65 165 77
1 65 232 124
2 65 99 238
3 65 166 52
4 65 78 33
5 65 103 38
6 65 170 135
7 65 237 170
8 65 165 189
9 65 236 190
10 65 237 202
11 65 233 88
12 65 169 125
13 65 102 142
14 65 107 151
15 65 68 156
16 65 201 164
17 65 185 31
18 65 166 106
19 65 120 54
20 65 89 25
21 65 112 79
22 65 53 44
23 65 150 117
24 65 103 182
0 66 166 77
1 66 233 124
2 66 100 239
3 66 167 52
4 66 78 34
5 66 104 39
6 66 171 135
7 66 238 171
8 66 166 190
9 66 236 191
10 66 237 202
11 66 233 88
12 66 170 126
13 66 103 142
14 66 108 151
15 66 69 157
16 66 201 165
17 66 186 31
18 66 167 106
19 66 120 55
20 66 89 26
21 66 113 80
22 66 53 45
23 66 150 117
24 66 103 183
0 67 167 77
1 67 234 125
2 67 100 240
3 67 167 53
4 67 78 35
5 67 105 39
6 67 171 135
7 67 238 171
8 67 167 190
9 67 237 191
10 67 238 203
11 67 233 88
12 67 171 126
13 67 104 142
14 67 109 151
15 67 70 158
16 67 201 165
17 67 186 31
18 67 168 107
19 67 120 55
20 67 89 27
21 67 113 80
22 67 54 45
23 67 150 118
24 67 103 184
0 68 168 78
1 68 234 125
2 68 100 241
3 68 167 54
4 68 78 35
5 68 106 39
6 68 171 135
7 68 239 171
8 68 167 191
9 68 238 191
10 68 238 203
11 68 233 89
12 68 171 126
13 68 104 143
14 68 110 152
15 68 70 159
16 68 202 166
17 68 187 31
18 68 168 107
19 68 121 55
20 68 90 27
21 68 113 80
22 68 54 45
23 68 150 119
24 68 103 184
0 69 169 79
1 69 234 126
2 69 101 241
3 69 168 55
4 69 78 35
5 69 107 40
6 69 172 135
7 69 239 171
8 69 167 192
9 69 238 192
10 69 238 203
11 69 233 89
12 69 172 126
13 69 104 143
14 69 110 153
15 69 70 160
16 69 202 167
17 69 188 32
18 69 168 107
19 69 122 56
20 69 91 28
21 69 114 81
22 69 55 45
23 69 151 120
24 69 104 185
0 70 169 79
1 70 235 127
2 70 101 241
3 70 169 56
4 70 78 36
5 70 108 40
6 70 173 136
7 70 240 171
8 70 167 193
9 70 239 192
10 70 238 203
11 70 234 89
12 70 172 126
13 70 105 143
14 70 111 153
15 70 71 160
16 70 203 168
17 70 188 33
18 70 169 108
19 70 122 57
20 70 92 29
21 70 114 81
22 70 55 45
23 70 152 121
24 70 104 185
0 71 170 80
1 71 235 127
2 71 101 242
3 71 169 57
4 71 78 36
5 71 109 41
6 71 174 137
7 71 240 172
8 71 167 193
9 71 239 193
10 71 238 204
11 71 234 90
12 71 172 127
13 71 106 143
14 71 112 154
15 71 71 160
16 71 204 168
17 71 189 33
18 71 170 108
19 71 123 57
20 71 92 29
21 71 115 82
22 71 56 45
23 71 152 122
24 71 105 186
0 72 171 80
1 72 235 128
2 72 102 243
3 72 170 57
4 72 79 37
5 72 109 42
6 72 175 138
7 72 241 173
8 72 168 193
9 72 239 193
10 72 239 205
11 72 235 91
12 72 172 128
13 72 106 144
14 72 112 155
15 72 71 160
16 72 204 168
17 72 189 34
18 72 170 109
19 72 123 58
20 72 92 29
21 72 116 83
22 72 57 45
23 72 152 123
24 72 105 187
0 73 172 81
1 73 236 128
2 73 102 244
3 73 170 57
4 73 79 38
5 73 109 43
6 73 175 138
7 73 241 173
8 73 168 193
9 73 240 193
10 73 240 205
11 73 236 91
12 73 172 128
13 73 107 144
14 73 113 155
15 73 72 161
16 73 204 168
17 73 190 34
18 73 171 109
19 73 123 58
20 73 92 29
21 73 116 83
22 73 58 45
23 73 153 124
24 73 105 187
0 74 172 81
1 74 237 129
2 74 102 245
3 74 171 57
4 74 80 39
5 74 109 44
6 74 176 139
7 74 242 174
8 74 169 194
9 74 241 194
10 74 241 206
11 74 236 92
12 74 173 128
13 74 107 145
14 74 113 155
15 74 72 162
16 74 205 168
17 74 190 34
18 74 172 109
19 74 124 58
20 74 93 30
21 74 116 84
22 74 58 46
23 74 154 124
24 74 106 188
0 75 172 81
1 75 238 129
2 75 102 246
3 75 171 58
4 75 81 39
5 75 109 45
6 75 176 139
7 75 242 175
8 75 169 194
9 75 242 195
10 75 241 207
11 75 237 93
12 75 173 128
13 75 108 145
14 75 113 155
15 75 72 163
16 75 205 169
17 75 191 34
18 75 172 109
19 75 125 59
20 75 94 30
21 75 117 84
22 75 58 47
23 75 154 124
24 75 107 188
0 76 172 82
1 76 239 129
2 76 103 246
3 76 171 59
4 76 81 40
5 76 109 45
6 76 177 139
7 76 242 176
8 76 170 195
9 76 242 195
10 76 242 207
11 76 237 94
12 76 174 128
13 76 109 145
14 76 114 156
15 76 72 163
16 76 205 169
17 76 191 34
18 76 173 110
19 76 125 59
20 76 95 30
21 76 117 84
22 76 59 48
23 76 155 125
24 76 107 189
0 77 173 83
1 77 239 130
2 77 104 246
3 77 172 60
4 77 82 40
5 77 110 45
6 77 177 139
7 77 243 177
8 77 171 196
9 77 242 196
10 77 242 208
11 77 238 95
12 77 174 128
13 77 109 145
14 77 114 156
15 77 73 163
16 77 206 169
17 77 191 34
18 77 174 110
19 77 126 59
20 77 96 30
21 77 117 85
22 77 59 49
23 77 155 125
24 77 107 190
0 78 174 83
1 78 239 131
2 78 105 247
3 78 172 60
4 78 83 41
5 78 111 45
6 78 178 139
7 78 244 177
8 78 172 197
9 78 242 196
10 78 242 208
11 78 238 96
12 78 174 128
13 78 110 146
14 78 115 156
15 78 74 163
16 78 206 170
17 78 192 34
18 78 174 110
19 78 126 60
20 78 97 30
21 78 118 86
22 78 60 49
23 78 156 126
24 78 108 191
0 79 174 83
1 79 240 132
2 79 106 247
3 79 172 60
4 79 84 41
5 79 112 46
6 79 179 140
7 79 244 178
8 79 173 197
9 79 243 196
10 79 243 208
11 79 238 96
12 79 175 129
13 79 111 147
14 79 116 157
15 79 75 163
16 79 206 171
17 79 193 34
18 79 175 111
19 79 127 61
20 79 97 31
21 79 119 87
22 79 60 50
23 79 156 126
24 79 108 191
0 80 175 84
1 80 240 132
2 80 106 248
3 80 172 61
4 80 84 41
5 80 112 46
6 80 179 140
7 80 244 179
8 80 173 198
9 80 243 196
10 80 243 209
11 80 239 97
12 80 175 130
13 80 111 148
14 80 116 157
15 80 76 163
16 80 206 171
17 80 194 34
18 80 175 112
19 80 127 62
20 80 97 32
21 80 120 88
22 80 60 50
23 80 157 126
24 80 109 191
0 81 176 85
1 81 240 133
2 81 107 248
3 81 172 62
4 81 85 41
5 81 113 47
6 81 180 141
7 81 245 179
8 81 174 198
9 81 243 197
10 81 243 210
11 81 239 97
12 81 176 131
13 81 111 148
14 81 116 157
15 81 77 164
16 81 206 171
17 81 195 34
18 81 175 113
19 81 127 62
20 81 98 33
21 81 120 89
22 81 61 50
23 81 158 126
24 81 109 192
0 82 176 86
1 82 240 134
2 82 108 249
3 82 172 62
4 82 86 42
5 82 114 47
6 82 181 142
7 82 245 180
8 82 174 198
9 82 244 197
10 82 244 210
11 82 239 97
12 82 177 132
13 82 111 148
14 82 117 157
15 82 78 164
16 82 207 171
17 82 195 34
18 82 175 113
19 82 128 62
20 82 98 33
21 82 120 89
22 82 61 50
23 82 159 126
24 82 109 193
0 83 177 87
1 83 241 135
2 83 109 249
3 83 173 62
4 83 87 43
5 83 114 48
6 83 181 142
7 83 246 181
8 83 175 198
9 83 245 198
10 83 244 211
11 83 239 98
12 83 178 132
13 83 111 148
14 83 118 158
15 83 79 164
16 83 208 171
17 83 195 34
18 83 176 113
19 83 128 63
20 83 99 34
21 83 120 89
22 83 61 50
23 83 159 127
24 83 110 193
0 84 178 88
1 84 241 136
2 84 110 250
3 84 174 63
4 84 87 44
5 84 114 48
6 84 181 143
7 84 246 182
8 84 175 199
9 84 245 199
10 84 245 211
11 84 240 98
12 84 178 133
13 84 111 149
14 84 119 158
15 84 79 165
16 84 208 172
17 84 195 34
18 84 176 114
19 84 128 64
20 84 99 34
21 84 121 89
22 84 62 51
23 84 160 128
24 84 111 194
0 85 178 88
1 85 241 136
2 85 111 251
3 85 174 63
4 85 87 45
5 85 114 49
6 85 181 143
7 85 247 182
8 85 176 200
9 85 246 200
10 85 246 211
11 85 240 98
12 85 179 134
13 85 112 149
14 85 120 158
15 85 80 166
16 85 208 173
17 85 195 34
18 85 176 114
19 85 128 64
20 85 100 35
21 85 122 90
22 85 62 51
23 85 161 129
24 85 112 195
0 86 179 88
1 86 241 137
2 86 112 252
3 86 174 63
4 86 88 46
5 86 114 49
6 86 181 144
7 86 248 182
8 86 177 200
9 86 246 201
10 86 247 211
11 86 240 98
12 86 179 135
13 86 113 149
14 86 121 159
15 86 81 167
16 86 208 174
17 86 196 34
18 86 176 114
19 86 129 64
20 86 101 35
21 86 122 90
22 86 63 52
23 86 162 129
24 86 113 196
0 87 179 88
1 87 242 138
2 87 113 253
3 87 174 64
4 87 89 47
5 87 115 49
6 87 181 145
7 87 248 182
8 87 178 200
9 87 246 202
10 87 247 211
11 87 240 98
12 87 179 135
13 87 113 149
14 87 122 160
15 87 82 167
16 87 209 174
17 87 196 35
18 87 176 115
19 87 129 65
20 87 101 36
21 87 123 91
22 87 63 53
23 87 162 129
24 87 114 196
0 88 179 88
1 88 242 138
2 88 113 253
3 88 175 65
4 88 90 48
5 88 115 50
6 88 182 145
7 88 248 182
8 88 178 201
9 88 246 203
10 88 247 211
11 88 241 99
12 88 180 135
13 88 114 149
14 88 122 160
15 88 83 168
16 88 209 174
17 88 197 36
18 88 176 115
19 88 129 65
20 88 101 36
21 88 123 91
22 88 63 54
23 88 163 129
24 88 114 196
0 89 180 88
1 89 243 139
2 89 114 253
3 89 176 65
4 89 91 49
5 89 115 50
6 89 183 146
7 89 249 183
8 89 178 202
9 89 247 203
10 89 248 211
11 89 242 99
12 89 181 136
13 89 114 149
14 89 122 160
15 89 84 169
16 89 209 174
17 89 198 36
18 89 177 115
19 89 130 66
20 89 101 36
21 89 123 92
22 89 64 55
23 89 164 130
24 89 115 196
0 90 181 88
1 90 244 140
2 90 114 254
3 90 176 65
4 90 92 50
5 90 115 51
6 90 183 147
7 90 249 184
8 90 179 203
9 90 248 204
10 90 249 211
11 90 242 99
12 90 182 136
13 90 115 150
14 90 122 160
15 90 85 170
16 90 210 174
17 90 199 37
18 90 178 115
19 90 130 66
20 90 102 37
21 90 123 92
22 90 65 56
23 90 164 130
24 90 116 197
0 91 182 88
1 91 245 140
2 91 115 255
3 91 177 66
4 91 93 51
5 91 115 52
6 91 184 148
7 91 249 184
8 91 180 204
9 91 248 205
10 91 249 212
11 91 243 99
12 91 182 137
13 91 116 150
14 91 123 160
15 91 86 171
16 91 210 174
17 91 199 38
18 91 178 115
19 91 131 67
20 91 103 37
21 91 124 93
22 91 65 57
23 91 164 131
24 91 116 198
0 92 182 88
1 92 246 140
2 92 116 255
3 92 177 67
4 92 94 51
5 92 115 52
6 92 184 149
7 92 250 184
8 92 181 204
9 92 249 206
10 92 249 213
11 92 244 99
12 92 182 137
13 92 116 151
14 92 123 160
15 92 87 172
16 92 211 174
17 92 199 39
18 92 178 115
19 92 131 67
20 92 103 37
21 92 124 93
22 92 66 58
23 92 164 131
24 92 116 198
0 93 182 88
1 93 247 140
2 93 116 256
3 93 177 67
4 93 95 51
5 93 116 53
6 93 184 149
7 93 250 184
8 93 181 205
9 93 250 206
10 93 249 213
11 93 245 100
12 93 183 138
13 93 117 151
14 93 124 160
15 93 88 172
16 93 211 175
17 93 199 40
18 93 178 115
19 93 131 67
20 93 103 38
21 93 125 93
22 93 67 59
23 93 164 132
24 93 117 198
0 94 182 88
1 94 247 141
2 94 116 256
3 94 178 68
4 94 96 52
5 94 116 53
6 94 184 149
7 94 250 184
8 94 182 205
9 94 251 206
10 94 249 213
11 94 246 100
12 94 184 138
13 94 117 151
14 94 124 161
15 94 89 173
16 94 212 176
17 94 199 41
18 94 178 116
19 94 132 68
20 94 104 39
21 94 126 93
22 94 68 59
23 94 165 133
24 94 118 199
0 95 183 88
1 95 248 141
2 95 116 256
3 95 179 68
4 95 96 53
5 95 116 54
6 95 185 149
7 95 251 185
8 95 182 206
9 95 251 207
10 95 250 214
11 95 246 100
12 95 185 138
13 95 118 151
14 95 124 161
15 95 90 173
16 95 213 177
17 95 199 41
18 95 179 117
19 95 132 69
20 95 104 39
21 95 126 94
22 95 68 60
23 95 165 134
24 95 119 199
0 96 184 89
1 96 248 141
2 96 117 256
3 96 179 69
4 96 96 53
5 96 116 54
6 96 185 149
7 96 251 185
8 96 182 206
9 96 252 207
10 96 251 215
11 96 246 100
12 96 186 139
13 96 119 151
14 96 124 162
15 96 91 174
16 96 214 177
17 96 199 42
18 96 179 117
19 96 133 69
20 96 105 39
21 96 126 95
22 96 69 61
23 96 165 135
24 96 119 200
0 97 184 89
1 97 249 141
2 97 117 256
3 97 179 69
4 97 97 54
5 97 116 54
6 97 185 149
7 97 252 186
8 97 183 206
9 97 252 207
10 97 252 216
11 97 246 101
12 97 186 139
13 97 120 152
14 97 124 163
15 97 92 175
16 97 215 177
17 97 200 42
18 97 179 118
19 97 134 69
20 97 106 40
21 97 126 96
22 97 69 61
23 97 166 136
24 97 120 201
0 98 184 90
1 98 249 141
2 98 117 256
3 98 179 69
4 98 97 55
5 98 117 54
6 98 185 149
7 98 252 187
8 98 183 207
9 98 252 208
10 98 253 217
11 98 247 102
12 98 187 139
13 98 120 152
14 98 124 163
15 98 92 175
16 98 215 178
17 98 200 42
18 98 180 118
19 98 134 70
20 98 106 40
21 98 127 97
22 98 69 61
23 98 166 136
24 98 121 201
0 99 185 91
1 99 249 142
2 99 118 256
3 99 179 69
4 99 98 56
5 99 118 54
6 99 185 150
7 99 252 188
8 99 184 208
9 99 252 208
10 99 253 217
11 99 247 102
12 99 188 140
13 99 120 153
14 99 125 164
15 99 92 176
16 99 215 178
17 99 201 43
18 99 180 118
19 99 135 70
20 99 107 40
21 99 127 97
22 99 69 62
23 99 167 137
24 99 122 202
